0.05	3.63738783462777
0.060000000000000005	4.884614635547683
0.07	6.131202768043909
0.08000000000000002	7.377227932813898
0.09000000000000001	8.62278894351807
0.1	9.867986231543679
0.11000000000000001	11.112913086469236
0.12000000000000001	12.357651738375301
0.13	13.602272725132583
0.14	14.84683522627251
0.15000000000000002	16.09138770858259
0.16000000000000003	17.335968755985625
0.17000000000000004	18.580608563173065
0.18000000000000005	19.82532997301343
0.19	21.07014855524274
0.2	22.31507461494846
0.21000000000000002	23.560112903262844
0.22000000000000003	24.805264168186188
0.23000000000000004	25.72331895114832
0.24000000000000005	26.968976267437046
0.25000000000000006	28.21473739818854
0.26000000000000006	29.460590398816638
0.27	30.70652126302838
0.28	31.626389627233507
0.29000000000000004	32.87275408710567
0.30000000000000004	34.11915710606566
0.31000000000000005	35.03999761207134
0.32000000000000006	36.28675652287904
0.33	37.533505201159024
0.34	38.455235547803206
0.35000000000000003	39.70225120827718
0.36000000000000004	40.949200932697906
0.37000000000000005	41.87172159271851
0.38000000000000006	43.11884328566001
0.39000000000000007	44.0418147605554
0.4000000000000001	45.28904386601179
0.4100000000000001	46.21242429815239
0.42000000000000004	47.45969670287515
0.43000000000000005	48.706772311351415
0.44000000000000006	49.630694080353116
0.45000000000000007	50.554759001833055
0.4600000000000001	51.801928884037274
0.4700000000000001	52.72626631396288
0.4800000000000001	53.97329289504176
0.49000000000000005	54.89786881229734
0.5000000000000001	56.144679313375626
0.5100000000000001	57.06942264473863
0.5200000000000001	57.99436569253841
0.5300000000000001	59.241272812790555
0.5400000000000001	60.16675356839577
0.5500000000000002	61.41370985592965
0.5600000000000002	62.339677978141886
0.5700000000000002	63.265883225400636
0.5800000000000002	64.19230542936782
0.5900000000000002	65.4395090668964
0.6000000000000002	66.36628648624203
0.6100000000000001	67.29333907677227
0.6200000000000001	68.22069421873267
0.6300000000000001	69.14834712005593
0.6400000000000001	70.39605777398812
0.6500000000000001	71.32415540499079
0.6600000000000001	72.25248742222362
0.6700000000000002	73.18101694903766
0.6800000000000002	74.10969969713335
0.6900000000000002	75.03850078304659
0.7000000000000002	75.96739604841564
0.7100000000000002	76.89636581892773
0.7200000000000002	77.82539215636469
0.7300000000000002	78.75445885858818
0.7400000000000002	79.68355044856409
0.7500000000000002	80.61265090237522
0.7600000000000002	81.54174326839451
0.7700000000000002	82.47081249516769
0.7800000000000001	83.39984261281414
0.7900000000000001	84.01126695535808
0.8000000000000002	84.94036735149808
0.8100000000000002	85.86938981254653
0.8200000000000002	86.79832056145833
0.8300000000000002	87.72714397704252
0.8400000000000002	88.65584507535264
0.8500000000000002	89.26768705996751
0.8600000000000002	90.19632785538893
0.8700000000000002	91.12481417979475
0.8800000000000002	92.05312742679935
0.8900000000000002	92.66504311351137
0.9000000000000002	93.59321472524145
0.9100000000000003	94.52118148302137
0.9200000000000003	95.13304716485445
0.9300000000000002	96.06082063132799
0.9400000000000002	96.98835971372735
0.9500000000000002	97.60013505149983
0.9600000000000002	98.52743193123466
0.9700000000000002	99.45446385745929
0.9800000000000002	100.06610611727142
0.9900000000000002	100.99284997901368
1.0000000000000002	101.60434182004511
1.0100000000000002	102.53076658548393
1.0200000000000002	103.4568780015648
1.0300000000000002	104.06817524768593
1.0400000000000003	104.99392537857364
1.0500000000000003	105.60503715230821
1.0600000000000003	106.5304003450335
1.0700000000000003	107.14131454592902
1.0800000000000003	108.0662647644737
1.0900000000000003	108.67697129829241
1.1000000000000003	109.60148314359714
1.1100000000000003	110.21197182694901
1.1200000000000003	111.13602197505577
1.1300000000000003	111.74628209509889
1.1400000000000003	112.35638801700829
1.1500000000000004	113.27986905742102
1.1600000000000004	113.88973275627828
1.1700000000000002	114.8126985253113
1.1800000000000002	115.42231222732954
1.1900000000000002	116.03177032618204
1.2000000000000002	116.95409621198299
1.2100000000000002	117.56329002902784
1.2200000000000002	118.4850512786996
1.2300000000000002	119.09397741186024
1.2400000000000002	119.70274107315497
1.2500000000000002	120.62379678820882
1.2600000000000002	121.23228198049306
1.2700000000000002	121.84060384381272
1.2800000000000002	122.7609185272972
1.2900000000000003	123.36895184151003
1.3000000000000003	123.97682102093425
1.3100000000000003	124.58453185741682
1.3200000000000003	125.50393195320831
1.3300000000000003	126.11133866387121
1.3400000000000003	126.71858412489001
1.3500000000000003	127.63716705871603
1.3600000000000003	128.24410284901134
1.3700000000000003	128.85087289521195
1.3800000000000003	129.45748162062938
1.3900000000000003	130.0639280156368
1.4000000000000004	130.9813475075264
1.4100000000000004	131.58747109355585
1.4200000000000004	132.19343037263386
1.4300000000000004	132.7992290750582
1.4400000000000004	133.71558391952942
1.4500000000000004	134.3210507334616
1.4600000000000004	134.92635263616813
1.4700000000000004	135.53148980603467
1.4800000000000004	136.13646493691468
1.4900000000000004	136.74127938807683
